1461576350645854790
8262204766343337139
-3554851560936000332
-3838189214465918562
-8861109960088206442
2269712307579748018
-2842440105834960890
6264929587638724632
-3159458257854260974
1228456683159600319
-4197966748781676668
3901268571714295332
-1167530682454085419
-4184470907367873141
2248600296450296128
-5788667808684252342
-4704894503615925001
1433508713379888789
-4000045228474859033
-780863145119219677
-7812661894130437949
7638935104542746311
-6952774759769545204
5547589895674182092
-4790311072651013852
-6932194320702860515
-5708314545151686688
-2698195084713647946
-3415271063279867576
6411229846809690225
-6969796650138031036
3297075631965370282
2995415996882193186
8410845354452657572
7612914399264892540
-8346356806328743959
-9034132446437345738
7423234346819163034
-1360857230232778424
-191697184470930688
-8830612554415311837
6481135181891989928
6126712767402712343
3921521705192586890
689289462694765969
-3246749647359935454
7660641533480566005
5234458661437671667
805824803329696738
-5183584446339598518
-5283771254714451124
-5736432388191934760
-8127520189888012361
1733884283723396925
136410874389059620
6930417571939143347
-1908609407640871071
4362757820343542352
2778958864333595841
-3349184942922839018
-487899597597565004
1631174793542385268
-2067019326373115291
-804590951803959712
-4191115880505224465
-3111164551578049675
6157604915202584757
5679430208774128362
53596719540007072
6465800137148720118
-435241313329420992
-8903677205510235086
-7974513584517585796
5628379173927096967
8348876272277956159
2521991318289952655
3353090686955658135
-5163977939203610018
-6707678368649564295
-8947214692262134860
786631877598079424
977879202203640519
-1560639267292632677
6615082446293021945
-4192203750990749523
1800913064554022394
-1209956463336238257
-5696358841644822366
7843640278417437262
-1778567851731863602
-3639207803664430404
5778157474311743624
7267136749764412640
-985351463979910744
902955984044043064
-403822566000722418
7084583759481582052
7615073831723502373
-4601952036495135566
-8865636950337916306
6379175538040475726
-1609695313956702311
7905892380936280091
-248445246636213124
-8193815265400404384
2103155507383826642
1293431539477543505
4164770648113350926
3372274649708543141
-6932937631121461886
2300229904102008542
4796790141207404913
-9030405418244042623
-1430949613845103543
-2260518216237659123
3911214813051256542
-6157858865025852211
2853998675352973377
-3076533310916571996
-1793047726100411080
5386197269393535742
1749917571177505275
3056544121427694496
-3392175028960531462
-6034901230681200760
3086265136655175509
-2591109864494944641
-3819938889844178255
2448258096020445132
-5552201727479239630
7002134019245085036
-7471463080544139676
-4154754585766451737
-3545178846231922407
-4607827349586292603
2499654057831572161
2525989147752478073
-2876974953356265219
-6513937545109997011
-7089958736442873209
2571926274987209192
2975300792505050453
-9091127949782216823
-7830480099698593045
3094695200049602829
8229143050160558593
-6321745270249702542
3279805340259637377
-1756228028834365044
7127556590202624696
5065363477115743678
-5169381672732983114
-514022688655729055
-8654531610207270587
-5476281842656564138
-1214524938556266644
-5967732575368133121
5878009265860794912
-2603423236705206212
-623801421105969784
5621636844988632033
-1755481462249030395
114568652563544755
-3958787172494488777
7990766390642892148
-3486290246389171383
7762470681988706453
6383526157010192944
-8049394332945434326
2938197712364112709
5626430478963905337
-2035411103073713152
-6998513657764477679
5648804335417294653
8591632520824240953
6761707777626521940
7798528267349572616
-6260210053066621332
8720951772857523083
-7674595010528882305
5732125302707351517
5657725533558202447
-8387565386790213892
6927708950715415853
-3840261502902572286
4802488955719162236
5700684512082611361
3362529979711375794
3192155104206902159
4798249026471470144
-2783568186036048005
-2841236006015070903
6878738478299376733
6622829853526898629
-8529023055542727396
-2035760698824964873
277638049503056250
1018352310621598836
-2900135011013555514
-1637392362087260829
-3124022911448492231
8542417523137319935
214727989720361160
783272929548332190
-2471688315548236312
2313282569883287027
5655044868152081508
9176263072139474765
-8056237908447050896
-6302727607674734667
5160011650151166321
-4713451504846043825
2891418216647921311
-1533270286662152014
8531603565217934507
-4107496126720774930
-984128236600630035
1490381226535531300
-4777190418156753616
8959941060186039265
7371119706984198176
2677638543488146913
-6465157562499751583
6440429807819378018
6379341246804716347
3935330482615428603
1561804211580771256
-6677754687685205886
-6826478492911170748
-281987267260772938
-2116603644573424965
78479632602213789
-2468696192188764501
7105608408710202476
-1283234089177507098
3298820471869751985
-2268823866256214385
-5043492668364237836
1281660053197926050
5062299574747889923
-8008445710620655513
-7412294512465692828
8069603081484013634
864277258303924852
-7677457925785187993
-6307139068677005124
7802339232937858459
2967632705665908785
-2767034311416916244
-5322258674054257025
-5802024030929445424
-5913766144409692294
-7666007296399261993
-8519524167106924366
5659339881337265889
-2325487245031383051
6014957881773716496
6699500715689410195
-7007610548681679522
-4345868915697580540
4297008933323044087
-2378807055348378373
-2483742152053488225
-7193941560435939580
-2568894124758167168
362116392655306813
-4231242203284448682
8820227102115444430
-568142184123777408
-1322363365674447756
-9166041364781925752
3678815940241771582
8327492966883812456
4826355864778813561
1089512272160556557
-5341446342948509802
3441711575936226608
228848059480514909
8421356626577313125
-8322051421663338536
-5906139236867357686
1688444376276264637
6016864233963192982
6467736845942927742
2288796330719439287
8314100120865275650
4176919021649593291
-5023621186630834162
-5167480626850495672
-6567797147085229548
3051384282993489073
-4090754874941087295
5528209000979370064
8894251047405069018
-2176243381508354343
-237608755781262998
-706862281809474803
-6813241876544778678
-4419461156773488153
-4369253451691201444
8416781266754378123
-6318057088643886038
-1841237792407323260
-4787303355243393892
9127075961027260865
-3262439641097698769
8542601671384805337
3070816989339001484
-7908499055297718565
3237066666599712567
-3359316413217475873
-1346591215013393621
-3851777998004644332
-7568067710427297481
7010286209982345584
-8816626071048232804
216411579314383660
-289383527745650750
-362163574035600614
-734195185704969615
-4647894869277497472
789468551001425925
454005494273661690
-1125308836844987587
-1589898063197891506
7909897645823210888
-5929983745272488290
7267947286858474551
9032973476201110337
-2550569939372375446
-8186601633522311125
4035407758539986456
5206092982688506947
877016930297471845
-919208721885337345
4635891023413446236
998614887823313450
1984667113227568876
-1944697608313427824
4164653668986830841
2641852163023435155
8901379523119666457
-1059775911081796545
-4511503502546933305
7533828959047848592
4065252077900402760
5116297429607930303
-6654498827545119286
-364423814164673093
-8769710684035667462
-5473365249993200182
-5484639786518189555
7897507305126668094
6839886481051947926
4709482883475616601
-6124209928851490786
-8782812318320223775
4718631342619097841
-4388296258119686022
325353403913550013
-6953443537147526908
5458958522966647636
8502148951761666154
8290640988431140082
-7539669506040405762
-7253899855743577269
-8510791327588175234
7553356508954211129
-6922713017393884802
6769194811515783479
-5535143082592566850
5274641917036325347
-5817773565319509447
6220458814788667291
8186997832202314740
-9074161709094348382
2449788181462045447
400626134714348467
2879770591930995959
-5714990503323836648
1116427069250934827
1156826135915346956
-1955819376608174865
-5376514171168322724
